  pos  q_origem  q_destino   peso_total  probabilidade
False         1          1 1.974189e+08       0.897832
False         1          2 1.124957e+07       0.051161
False         1          3 5.469723e+06       0.024875
False         1          4 2.887949e+06       0.013134
False         1          5 2.857800e+06       0.012997
False         2          1 1.068843e+07       0.071106
False         2          2 1.254427e+08       0.834527
False         2          3 6.580876e+06       0.043780
False         2          4 4.166715e+06       0.027720
False         2          5 3.437249e+06       0.022867
False         3          1 5.297652e+06       0.037845
False         3          2 6.635120e+06       0.047399
False         3          3 1.144336e+08       0.817481
False         3          4 6.348327e+06       0.045351
False         3          5 7.268512e+06       0.051924
False         4          1 2.761323e+06       0.028469
False         4          2 4.232876e+06       0.043641
False         4          3 6.339870e+06       0.065364
False         4          4 7.249831e+07       0.747456
False         4          5 1.116105e+07       0.115070
False         5          1 2.883589e+06       0.018806
False         5          2 3.578598e+06       0.023339
False         5          3 7.431620e+06       0.048467
False         5          4 1.113633e+07       0.072628
False         5          5 1.283043e+08       0.836761
 True         1          1 1.623776e+08       0.861880
 True         1          2 1.346887e+07       0.071491
 True         1          3 6.646734e+06       0.035280
 True         1          4 3.108470e+06       0.016499
 True         1          5 2.797688e+06       0.014850
 True         2          1 1.313760e+07       0.091640
 True         2          2 1.125092e+08       0.784797
 True         2          3 8.563411e+06       0.059733
 True         2          4 5.049638e+06       0.035223
 True         2          5 4.101020e+06       0.028606
 True         3          1 6.541195e+06       0.049569
 True         3          2 8.671702e+06       0.065714
 True         3          3 9.939959e+07       0.753254
 True         3          4 8.027422e+06       0.060832
 True         3          5 9.320351e+06       0.070630
 True         4          1 3.158569e+06       0.035331
 True         4          2 4.995859e+06       0.055882
 True         4          3 8.044634e+06       0.089985
 True         4          4 5.961801e+07       0.666867
 True         4          5 1.358310e+07       0.151936
 True         5          1 2.894837e+06       0.021420
 True         5          2 4.258137e+06       0.031507
 True         5          3 9.150103e+06       0.067704
 True         5          4 1.357788e+07       0.100467
 True         5          5 1.052673e+08       0.778902